Aggregation
| Place |   Time (ms)   | Diff First |  Diff Prev |
| +++++ | ++++++++++++++| ++++++++++ |  +++++++++ |
|     1 | 1709900287732 |          0 |          0 |
|     2 | 1709900287735 |         +3 |         +3 |
|     3 | 1709900287744 |        +12 |         +9 |
|     4 | 1709900287750 |        +18 |         +6 |
|     5 | 1709900287784 |        +52 |        +34 |
|     6 | 1709900287784 |        +52 |          0 |
|     7 | 1709900287785 |        +53 |         +1 |
|     8 | 1709900287791 |        +59 |         +6 |

Merge: 2262070 ns

Aggregation
| Place |   Time (ms)   | Diff First |  Diff Prev |
| +++++ | ++++++++++++++| ++++++++++ |  +++++++++ |
|     1 | 1709900289391 |          0 |          0 |
|     2 | 1709900289391 |          0 |          0 |
|     3 | 1709900289427 |        +36 |        +36 |
|     4 | 1709900289428 |        +37 |         +1 |
|     5 | 1709900289438 |        +47 |        +10 |
|     6 | 1709900289450 |        +59 |        +12 |
|     7 | 1709900289499 |       +108 |        +49 |
|     8 | 1709900289500 |       +109 |         +1 |

Merge: 3320766 ns
