Aggregation
| Place |   Time (ms)   | Diff First |  Diff Prev |
| +++++ | ++++++++++++++| ++++++++++ |  +++++++++ |
|     1 | 1709899746877 |          0 |          0 |
|     2 | 1709899746878 |         +1 |         +1 |
|     3 | 1709899746878 |         +1 |          0 |
|     4 | 1709899746878 |         +1 |          0 |
|     5 | 1709899746878 |         +1 |          0 |
|     6 | 1709899746878 |         +1 |          0 |
|     7 | 1709899746879 |         +2 |         +1 |
|     8 | 1709899746881 |         +4 |         +2 |

Merge: 3361973 ns

Aggregation
| Place |   Time (ms)   | Diff First |  Diff Prev |
| +++++ | ++++++++++++++| ++++++++++ |  +++++++++ |
|     1 | 1709899747789 |          0 |          0 |
|     2 | 1709899747789 |          0 |          0 |
|     3 | 1709899747789 |          0 |          0 |
|     4 | 1709899747790 |         +1 |         +1 |
|     5 | 1709899747791 |         +2 |         +1 |
|     6 | 1709899747792 |         +3 |         +1 |
|     7 | 1709899747876 |        +87 |        +84 |
|     8 | 1709899747881 |        +92 |         +5 |

Merge: 3468993 ns
